Validation Loss:
0.007279873825609684
0.005298477131873369
0.0030871923081576824
0.004918830469250679
0.010799737647175789
0.0018428582698106766
0.0014725029468536377
0.003438113024458289
0.004987907595932484
0.001213539275340736
0.007895715534687042
0.001785493572242558
0.0015822530258446932
0.0009376874659210443
0.0018377704545855522
0.004788796417415142
0.002550119301304221
0.0020297346636652946
0.0021643026266247034
0.0014774034498259425
0.001116197556257248
0.003352029947564006
0.0024316036142408848
0.005380950402468443
0.003779877442866564
0.0011973188957199454
0.0012464657193049788
0.0025402072351425886
0.004310866352170706
0.0014381036162376404
0.001113430131226778
0.0035746439825743437
0.0024848522152751684
0.0015413726214319468
0.0029250571969896555
0.0018133632838726044
0.0019474598811939359
0.0036638390738517046
0.0023356368765234947
0.0015125864883884788
0.0018374469364061952
0.0026312361005693674
0.0037001019809395075
0.0022137530613690615
0.0013606736902147532
0.005168367642909288
0.0053424108773469925
0.0015627124812453985
0.001052444102242589
0.004529082216322422

Validation Accuracy:
0.9982413649559021
0.9987338185310364
0.999481201171875
0.9990415573120117
0.9987777471542358
0.9996131062507629
0.9997361898422241
0.9993757009506226
0.9985755085945129
0.9997801780700684
0.9983908534049988
0.9996306896209717
0.9997977614402771
0.9998153448104858
0.9995691180229187
0.999419629573822
0.9996922612190247
0.9997361898422241
0.9997889399528503
0.9997625946998596
0.9997977614402771
0.9995691180229187
0.9997537732124329
0.9996922612190247
0.9996395111083984
0.9998505115509033
0.9998417496681213
0.9998153448104858
0.9997361898422241
0.9998241662979126
0.9997713565826416
0.9995339512825012
0.9997889399528503
0.9997889399528503
0.9996834397315979
0.9996922612190247
0.9998417496681213
0.9995779395103455
0.9997713565826416
0.9998329281806946
0.9998593330383301
0.9998065233230591
0.9997889399528503
0.9998505115509033
0.9997889399528503
0.9997186064720154
0.9997537732124329
0.9998593330383301
0.9998417496681213
0.9997537732124329
